 Nucleosynthesis in a clump of initial density rho[g/cm3]=  7.7452E+06  at r0[cm]=  3.9590E+07 with tesc= -1.0000E+00 obtained with logft0= -5.50 and force:21gk-dat  
 followed by r-process nucleosynthesis at initial density rho[g/cm3]=  7.7452E+06  Nn[cm-3]=  2.3580E+30
 at an initial radius r0[cm]= 3.959E+07
 with an initial Ye= 0.41346 ithermo= 2 and expansion timescale= 0.00000
 at an initial temperature T9=10.00000 with ieos= 2 iqngn= 0 (for t>2x 5.00E-04 s )
 Initial time for nucleosynthesis: t0[s]= 0.000E+00
 Nuclear data taken from Talys62              (idirect= 0; spectrof= 1.000) ifission=  1; ifragment= 10; ifisfrag=  0 ; iphotofis=  0 ; dAdrip(fis)= 20 Zmin(fis)= 90 Nbr of n ejected =  4.0 and Masses from network_hfb21gk           Betas from /u/ikullman/Nuc//Beta/beta_rqrpa_marketin.dat                                   
 Initial abundances taken from file=/u/ikullman//Eos/Merger/Rpro/../SFHO13651365av15e/Nse_T10_ye0_ec1_nu0/abinit_T10.0306821                                                                                                                
 Network calculation with Zmin=  1 Zmax= 70 (imax=2293); inet= 1 iband= 0 rtol(n)= 1.00E-03 atol(n)= 1.00E-15 rtol0= 1.00E-03 atol0= 1.00E-11 Twpa= 10.00 with rtol1= 1.00E-03 atol1= 1.00E-11
 Maximum temperature reached: T9=  10.0000
 iout:                             339
 T9  :                           0.001
 Nn  :                       1.324E-33
 Err :                       0.000E+00
 Time:                       3.100E+07
 ncap:                          12.718
  Z   A   X(Solar) Xr(Solar) X(3.10E+07)
   1   1  7.11E-01  1.00E-25  1.79E-05
   2   3  3.41E-05  1.00E-25  1.01E-10
   2   4  2.74E-01  1.00E-25  2.52E-01
   6  12  2.46E-03  1.00E-25  1.24E-06
   6  13  2.98E-05  1.00E-25  5.46E-11
   8  16  6.60E-03  1.00E-25  3.21E-08
   8  17  2.61E-06  1.00E-25  6.42E-12
  10  20  1.17E-03  1.00E-25  8.77E-08
  10  21  2.94E-06  1.00E-25  1.64E-10
  10  22  9.45E-05  1.00E-25  1.06E-12
  11  23  3.87E-05  1.00E-25  2.19E-11
  12  24  5.66E-04  1.00E-25  3.55E-08
  12  25  7.46E-05  1.00E-25  7.39E-09
  12  26  8.54E-05  1.00E-25  3.87E-09
  13  27  6.64E-05  1.00E-25  3.38E-09
  14  28  7.55E-04  1.00E-25  3.78E-08
  14  29  3.97E-05  1.00E-25  3.16E-08
  14  30  2.71E-05  1.00E-25  4.38E-08
  15  31  7.59E-06  1.00E-25  3.78E-08
  16  32  3.96E-04  1.00E-25  8.12E-08
  16  33  3.22E-06  1.00E-25  3.20E-08
  16  34  1.86E-05  1.00E-25  7.46E-08
  16  36  8.00E-08  1.00E-25  4.19E-07
  17  35  4.06E-06  1.00E-25  9.38E-08
  17  37  1.37E-06  1.00E-25  6.89E-08
  18  36  9.13E-05  1.00E-25  6.43E-12
  18  38  1.75E-05  1.00E-25  1.67E-07
  18  40  2.81E-08  1.00E-25  1.40E-07
  19  39  3.93E-06  1.00E-25  3.38E-08
  19  41  2.98E-07  1.00E-25  5.93E-07
  20  42  5.00E-07  1.00E-25  6.90E-06
  20  43  1.07E-07  1.00E-25  9.97E-08
  20  44  1.69E-06  1.00E-25  5.81E-07
  20  46  3.36E-09  1.00E-25  4.89E-05
  20  48  1.66E-07  1.00E-25  2.32E-05
  21  45  4.50E-08  1.00E-25  2.11E-06
  22  47  2.47E-07  1.00E-25  2.94E-06
  22  48  2.51E-06  1.00E-25  1.21E-09
  22  49  1.88E-07  1.00E-25  1.24E-06
  22  50  1.84E-07  1.00E-25  2.66E-06
  23  51  4.29E-07  1.00E-25  1.13E-06
  24  52  1.64E-05  1.00E-25  8.92E-05
  24  53  1.89E-06  1.00E-25  9.53E-06
  24  54  4.80E-07  1.00E-25  9.27E-07
  25  55  1.47E-05  1.00E-25  2.02E-06
  26  56  1.26E-03  1.00E-25  4.31E-04
  26  57  2.96E-05  1.00E-25  1.19E-05
  26  58  4.00E-06  1.00E-25  3.83E-06
  27  59  4.01E-06  1.00E-25  3.02E-05
  28  60  2.20E-05  1.00E-25  5.96E-06
  28  61  9.72E-07  1.00E-25  3.74E-05
  28  62  3.15E-06  1.00E-25  1.47E-03
  28  64  8.27E-07  1.00E-25  6.87E-04
  29  63  6.72E-07  1.00E-25  1.07E-04
  29  65  3.09E-07  1.00E-25  3.21E-04
  30  66  6.60E-07  1.00E-25  6.64E-05
  30  67  9.85E-08  1.00E-25  8.37E-05
  30  68  4.57E-07  1.00E-25  4.59E-04
  30  70  1.56E-08  3.49E-02  3.63E-03
  31  69  4.36E-08  2.30E-02  1.69E-04
  31  71  2.98E-08  8.87E-03  2.35E-04
  32  70  5.24E-08  1.00E-25  2.57E-09
  32  72  7.03E-08  5.00E-03  1.14E-04
  32  73  1.99E-08  3.26E-02  5.36E-04
  32  74  9.37E-08  1.03E-01  2.18E-04
  32  76  2.00E-08  4.39E-02  3.79E-03
  33  75  1.34E-08  1.85E-02  1.16E-03
  34  76  1.37E-08  1.00E-25  5.08E-08
  34  77  1.13E-08  2.11E-02  2.12E-04
  34  78  3.57E-08  2.03E-02  8.34E-04
  34  80  7.63E-08  1.55E-01  5.28E-03
  34  82  1.38E-08  3.08E-02  2.53E-04
  35  79  1.33E-08  2.30E-02  2.02E-03
  35  81  1.32E-08  2.08E-02  1.17E-03
  36  82  1.54E-08  1.00E-25  2.17E-07
  36  83  1.55E-08  3.10E-02  1.02E-04
  36  84  7.71E-08  1.63E-01  3.14E-03
  36  86  2.39E-08  3.49E-04  2.67E-03
  37  85  1.18E-08  1.53E-02  3.68E-03
  37  87  4.96E-09  2.56E-03  5.64E-03
  38  86  5.84E-09  1.00E-25  4.91E-06
  38  87  4.13E-09  1.00E-25  3.30E-04
  38  88  5.00E-08  2.31E-02  3.33E-01
  39  89  1.20E-08  6.35E-03  2.32E-02
  40  90  1.53E-08  1.68E-02  5.90E-03
  40  91  3.38E-09  2.13E-03  2.30E-02
  40  92  5.23E-09  1.62E-03  1.07E-01
  40  94  5.41E-09  1.00E-25  5.05E-02
  40  96  8.90E-10  1.58E-03  1.30E-02
  41  93  2.05E-09  1.25E-03  4.49E-03
  42  95  1.15E-09  1.39E-03  2.21E-02
  42  96  1.22E-09  1.00E-25  1.25E-05
  42  97  7.06E-10  6.77E-04  1.26E-02
  42  98  1.80E-09  9.15E-04  2.29E-03
  42 100  7.34E-10  1.64E-03  1.08E-02
  44  99  7.01E-10  1.25E-03  8.35E-03
  44 100  6.99E-10  1.00E-25  3.38E-08
  44 101  9.57E-10  1.92E-03  2.21E-03
  44 102  1.79E-09  2.44E-03  5.78E-02
  44 104  1.08E-09  2.41E-03  3.67E-03
  45 103  1.12E-09  2.27E-03  9.81E-03
  45 104  1.00E-25  1.00E-25  8.51E-10
  46 105  9.82E-10  2.00E-03  5.20E-03
  46 106  1.22E-09  1.43E-03  5.26E-03
  46 108  1.20E-09  1.09E-03  6.27E-03
  46 110  5.40E-10  1.21E-03  1.50E-04
  47 107  7.97E-10  1.58E-03  8.68E-04
  47 109  7.54E-10  1.33E-03  7.11E-04
  47 110  1.00E-25  1.00E-25  4.02E-09
  48 111  6.59E-10  1.17E-03  3.31E-05
  48 112  1.25E-09  1.47E-03  1.58E-04
  48 113  6.41E-10  9.80E-04  1.54E-05
  48 114  1.52E-09  1.50E-03  1.67E-05
  48 116  4.04E-10  9.04E-04  3.82E-06
  49 115  5.82E-10  8.66E-04  1.74E-05
  49 116  1.00E-25  1.00E-25  5.46E-12
  50 117  9.81E-10  1.26E-03  4.22E-07
  50 118  3.12E-09  2.22E-03  1.66E-06
  50 119  1.12E-09  1.23E-03  2.89E-07
  50 120  4.27E-09  1.89E-03  1.04E-06
  50 122  6.16E-10  1.28E-03  8.50E-08
  50 124  7.84E-10  1.76E-03  1.49E-07
  51 121  6.66E-10  7.78E-04  1.57E-07
  51 123  5.07E-10  1.06E-03  9.46E-08
  52 125  1.26E-09  2.16E-03  4.16E-08
  52 126  3.36E-09  4.19E-03  6.07E-08
  52 128  5.71E-09  1.27E-02  4.29E-09
  52 130  6.19E-09  1.39E-02  6.88E-10
  53 127  3.70E-09  8.09E-03  7.12E-09
  54 129  5.58E-09  1.09E-02  3.22E-09
  54 131  4.50E-09  8.38E-03  2.16E-11
