 Nucleosynthesis in a clump of initial density rho[g/cm3]=  2.2095E+07  at r0[cm]=  3.6380E+07 with tesc= -1.0000E+00 obtained with logft0= -5.50 and force:21gk-dat  
 followed by r-process nucleosynthesis at initial density rho[g/cm3]=  2.2095E+07  Nn[cm-3]=  5.3310E+30
 at an initial radius r0[cm]= 3.638E+07
 with an initial Ye= 0.37315 ithermo= 2 and expansion timescale= 0.00000
 at an initial temperature T9=10.00000 with ieos= 2 iqngn= 0 (for t>2x 5.00E-04 s )
 Initial time for nucleosynthesis: t0[s]= 0.000E+00
 Nuclear data taken from Talys62              (idirect= 0; spectrof= 1.000) ifission=  1; ifragment= 10; ifisfrag=  0 ; iphotofis=  0 ; dAdrip(fis)= 20 Zmin(fis)= 90 Nbr of n ejected =  4.0 and Masses from network_hfb21gk           Betas from /u/ikullman/Nuc//Beta/beta_rqrpa_marketin.dat                                   
 Initial abundances taken from file=/u/ikullman//Eos/Merger/Rpro/../SFHO13651365av15e/Nse_T10_ye0_ec1_nu0/abinit_T10.0319844                                                                                                                
 Network calculation with Zmin=  1 Zmax= 70 (imax=2293); inet= 1 iband= 0 rtol(n)= 1.00E-03 atol(n)= 1.00E-15 rtol0= 1.00E-03 atol0= 1.00E-11 Twpa= 10.00 with rtol1= 1.00E-03 atol1= 1.00E-11
 Maximum temperature reached: T9=  10.0000
 iout:                             379
 T9  :                           0.001
 Nn  :                       0.000E+00
 Err :                       1.110E-16
 Time:                       3.100E+07
 ncap:                          52.611
  Z   A   X(Solar) Xr(Solar) X(3.10E+07)
   1   1  7.11E-01  1.00E-25  1.58E-05
   1   2  2.76E-05  1.00E-25  2.62E-12
   2   3  3.41E-05  1.00E-25  1.23E-10
   2   4  2.74E-01  1.00E-25  3.09E-02
   6  12  2.46E-03  1.00E-25  5.63E-09
   6  13  2.98E-05  1.00E-25  7.05E-12
   7  14  7.96E-04  1.00E-25  2.56E-08
   8  16  6.60E-03  1.00E-25  1.05E-09
   8  17  2.61E-06  1.00E-25  2.15E-12
   8  18  1.49E-05  1.00E-25  7.95E-12
  10  20  1.17E-03  1.00E-25  1.58E-10
  10  21  2.94E-06  1.00E-25  5.84E-11
  10  22  9.45E-05  1.00E-25  7.26E-11
  11  23  3.87E-05  1.00E-25  3.09E-12
  12  24  5.66E-04  1.00E-25  7.59E-12
  12  25  7.46E-05  1.00E-25  1.04E-11
  12  26  8.54E-05  1.00E-25  3.35E-10
  13  27  6.64E-05  1.00E-25  9.65E-11
  14  28  7.55E-04  1.00E-25  1.02E-09
  14  29  3.97E-05  1.00E-25  3.65E-10
  14  30  2.71E-05  1.00E-25  1.82E-08
  15  31  7.59E-06  1.00E-25  3.32E-09
  16  32  3.96E-04  1.00E-25  2.28E-07
  16  33  3.22E-06  1.00E-25  3.12E-08
  16  34  1.86E-05  1.00E-25  6.30E-08
  16  36  8.00E-08  1.00E-25  3.26E-07
  17  35  4.06E-06  1.00E-25  6.93E-09
  17  37  1.37E-06  1.00E-25  2.04E-06
  18  38  1.75E-05  1.00E-25  1.63E-06
  18  40  2.81E-08  1.00E-25  4.91E-07
  19  39  3.93E-06  1.00E-25  2.69E-07
  19  41  2.98E-07  1.00E-25  3.91E-07
  20  42  5.00E-07  1.00E-25  6.98E-07
  20  43  1.07E-07  1.00E-25  6.71E-06
  20  44  1.69E-06  1.00E-25  7.70E-06
  20  46  3.36E-09  1.00E-25  2.13E-06
  20  48  1.66E-07  1.00E-25  2.17E-05
  21  45  4.50E-08  1.00E-25  2.46E-06
  22  47  2.47E-07  1.00E-25  3.02E-06
  22  48  2.51E-06  1.00E-25  4.96E-09
  22  49  1.88E-07  1.00E-25  5.28E-06
  22  50  1.84E-07  1.00E-25  7.39E-05
  23  51  4.29E-07  1.00E-25  4.94E-06
  24  52  1.64E-05  1.00E-25  1.40E-05
  24  53  1.89E-06  1.00E-25  3.95E-06
  24  54  4.80E-07  1.00E-25  1.17E-05
  25  55  1.47E-05  1.00E-25  1.86E-06
  26  56  1.26E-03  1.00E-25  7.08E-07
  26  57  2.96E-05  1.00E-25  8.35E-07
  26  58  4.00E-06  1.00E-25  7.81E-06
  27  59  4.01E-06  1.00E-25  5.16E-06
  28  60  2.20E-05  1.00E-25  5.90E-05
  28  61  9.72E-07  1.00E-25  3.87E-05
  28  62  3.15E-06  1.00E-25  1.53E-05
  28  64  8.27E-07  1.00E-25  4.44E-05
  29  63  6.72E-07  1.00E-25  3.16E-05
  29  65  3.09E-07  1.00E-25  2.48E-05
  30  66  6.60E-07  1.00E-25  3.20E-04
  30  67  9.85E-08  1.00E-25  7.88E-05
  30  68  4.57E-07  1.00E-25  1.21E-04
  30  70  1.56E-08  3.49E-02  9.17E-05
  31  69  4.36E-08  2.30E-02  2.28E-05
  31  71  2.98E-08  8.87E-03  2.41E-05
  32  70  5.24E-08  1.00E-25  1.41E-09
  32  72  7.03E-08  5.00E-03  1.08E-04
  32  73  1.99E-08  3.26E-02  7.20E-05
  32  74  9.37E-08  1.03E-01  5.24E-04
  32  76  2.00E-08  4.39E-02  6.40E-04
  33  75  1.34E-08  1.85E-02  1.41E-04
  34  76  1.37E-08  1.00E-25  2.49E-08
  34  77  1.13E-08  2.11E-02  6.04E-04
  34  78  3.57E-08  2.03E-02  4.90E-04
  34  80  7.63E-08  1.55E-01  7.21E-04
  34  82  1.38E-08  3.08E-02  4.04E-04
  35  79  1.33E-08  2.30E-02  4.32E-04
  35  81  1.32E-08  2.08E-02  1.25E-04
  36  82  1.54E-08  1.00E-25  7.38E-08
  36  83  1.55E-08  3.10E-02  3.63E-04
  36  84  7.71E-08  1.63E-01  3.09E-04
  36  86  2.39E-08  3.49E-04  1.10E-02
  37  85  1.18E-08  1.53E-02  4.24E-04
  37  87  4.96E-09  2.56E-03  2.19E-03
  38  86  5.84E-09  1.00E-25  2.14E-06
  38  87  4.13E-09  1.00E-25  1.26E-05
  38  88  5.00E-08  2.31E-02  1.29E-02
  39  89  1.20E-08  6.35E-03  1.10E-02
  40  90  1.53E-08  1.68E-02  1.99E-01
  40  91  3.38E-09  2.13E-03  6.33E-02
  40  92  5.23E-09  1.62E-03  3.90E-01
  40  94  5.41E-09  1.00E-25  4.58E-02
  40  96  8.90E-10  1.58E-03  1.82E-02
  41  93  2.05E-09  1.25E-03  6.03E-02
  42  95  1.15E-09  1.39E-03  2.39E-02
  42  96  1.22E-09  1.00E-25  5.58E-06
  42  97  7.06E-10  6.77E-04  5.67E-03
  42  98  1.80E-09  9.15E-04  1.44E-02
  42 100  7.34E-10  1.64E-03  2.17E-02
  44  99  7.01E-10  1.25E-03  1.82E-02
  44 100  6.99E-10  1.00E-25  1.97E-07
  44 101  9.57E-10  1.92E-03  1.23E-02
  44 102  1.79E-09  2.44E-03  1.38E-02
  44 104  1.08E-09  2.41E-03  1.20E-02
  45 103  1.12E-09  2.27E-03  7.07E-03
  45 104  1.00E-25  1.00E-25  2.79E-09
  46 105  9.82E-10  2.00E-03  7.33E-03
  46 106  1.22E-09  1.43E-03  5.85E-03
  46 108  1.20E-09  1.09E-03  1.85E-03
  46 110  5.40E-10  1.21E-03  7.29E-04
  47 107  7.97E-10  1.58E-03  1.66E-03
  47 109  7.54E-10  1.33E-03  3.76E-04
  47 110  1.00E-25  1.00E-25  9.37E-09
  48 111  6.59E-10  1.17E-03  4.68E-04
  48 112  1.25E-09  1.47E-03  8.32E-04
  48 113  6.41E-10  9.80E-04  2.85E-04
  48 114  1.52E-09  1.50E-03  2.19E-04
  48 116  4.04E-10  9.04E-04  1.08E-04
  49 115  5.82E-10  8.66E-04  1.03E-04
  49 116  1.00E-25  1.00E-25  1.49E-10
  50 117  9.81E-10  1.26E-03  5.34E-05
  50 118  3.12E-09  2.22E-03  2.70E-05
  50 119  1.12E-09  1.23E-03  1.74E-05
  50 120  4.27E-09  1.89E-03  3.51E-05
  50 122  6.16E-10  1.28E-03  1.79E-05
  50 124  7.84E-10  1.76E-03  1.11E-05
  51 121  6.66E-10  7.78E-04  1.73E-05
  51 123  5.07E-10  1.06E-03  7.68E-06
  52 122  4.47E-10  1.00E-25  2.52E-10
  52 125  1.26E-09  2.16E-03  4.39E-06
  52 126  3.36E-09  4.19E-03  9.36E-06
  52 128  5.71E-09  1.27E-02  1.56E-06
  52 130  6.19E-09  1.39E-02  6.87E-08
  53 127  3.70E-09  8.09E-03  2.48E-06
  54 129  5.58E-09  1.09E-02  3.44E-07
  54 131  4.50E-09  8.38E-03  2.48E-09
  54 132  5.49E-09  6.45E-03  5.62E-11
