 Nucleosynthesis in a clump of initial density rho[g/cm3]=  3.1719E+09  at r0[cm]=  4.9060E+06 with tesc= -1.0000E+00 obtained with logft0= -5.50 and force:21gk-dat  
 followed by r-process nucleosynthesis at initial density rho[g/cm3]=  3.1719E+09  Nn[cm-3]=  7.1660E+32
 at an initial radius r0[cm]= 4.906E+06
 with an initial Ye= 0.24009 ithermo= 2 and expansion timescale= 0.00000
 at an initial temperature T9=10.00000 with ieos= 2 iqngn= 0 (for t>2x 5.00E-04 s )
 Initial time for nucleosynthesis: t0[s]= 0.000E+00
 Nuclear data taken from Talys62              (idirect= 0; spectrof= 1.000) ifission=  1; ifragment= 10; ifisfrag=  0 ; iphotofis=  0 ; dAdrip(fis)= 20 Zmin(fis)= 90 Nbr of n ejected =  4.0 and Masses from network_hfb21gk           Betas from /u/ikullman/Nuc//Beta/beta_rqrpa_marketin.dat                                   
 Initial abundances taken from file=/u/ikullman//Eos/Merger/Rpro/../SFHO13651365av15e/Nse_T10_ye0_ec1_nu0/abinit_T10.0147192                                                                                                                
 Network calculation with Zmin=  1 Zmax= 85 (imax=3232); inet= 1 iband= 0 rtol(n)= 1.00E-03 atol(n)= 1.00E-15 rtol0= 1.00E-03 atol0= 1.00E-11 Twpa= 10.00 with rtol1= 1.00E-03 atol1= 1.00E-11
 Maximum temperature reached: T9=  10.0000
 iout:                             336
 T9  :                           0.001
 Nn  :                       7.920E-13
 Err :                      -5.840E-06
 Time:                       3.157E+07
 ncap:                          44.071
  Z   A   X(Solar) Xr(Solar) X(3.16E+07)
   1   1  7.11E-01  1.00E-25  3.83E-06
   2   3  3.41E-05  1.00E-25  1.87E-09
   2   4  2.74E-01  1.00E-25  1.34E-05
   5  10  1.00E-09  1.00E-25  2.76E-12
   8  18  1.49E-05  1.00E-25  2.24E-12
   9  19  4.67E-07  1.00E-25  1.24E-11
  10  20  1.17E-03  1.00E-25  3.72E-09
  10  21  2.94E-06  1.00E-25  9.15E-09
  10  22  9.45E-05  1.00E-25  3.08E-09
  11  23  3.87E-05  1.00E-25  2.20E-08
  12  24  5.66E-04  1.00E-25  8.18E-08
  12  25  7.46E-05  1.00E-25  4.14E-08
  12  26  8.54E-05  1.00E-25  7.12E-09
  13  27  6.64E-05  1.00E-25  9.03E-10
  14  28  7.55E-04  1.00E-25  2.10E-09
  14  29  3.97E-05  1.00E-25  1.17E-09
  14  30  2.71E-05  1.00E-25  8.13E-10
  15  31  7.59E-06  1.00E-25  9.92E-10
  16  32  3.96E-04  1.00E-25  5.78E-09
  16  33  3.22E-06  1.00E-25  9.83E-10
  16  34  1.86E-05  1.00E-25  3.97E-10
  16  36  8.00E-08  1.00E-25  6.46E-11
  17  35  4.06E-06  1.00E-25  1.21E-11
  17  37  1.37E-06  1.00E-25  4.32E-11
  18  38  1.75E-05  1.00E-25  7.48E-11
  18  40  2.81E-08  1.00E-25  1.52E-10
  19  39  3.93E-06  1.00E-25  1.00E-10
  19  41  2.98E-07  1.00E-25  7.46E-11
  20  46  3.36E-09  1.00E-25  2.85E-07
  20  48  1.66E-07  1.00E-25  4.95E-07
  22  48  2.51E-06  1.00E-25  2.73E-09
  22  49  1.88E-07  1.00E-25  2.83E-06
  22  50  1.84E-07  1.00E-25  1.39E-05
  23  51  4.29E-07  1.00E-25  5.14E-06
  24  52  1.64E-05  1.00E-25  2.26E-05
  24  53  1.89E-06  1.00E-25  3.74E-06
  24  54  4.80E-07  1.00E-25  2.84E-05
  25  55  1.47E-05  1.00E-25  8.49E-06
  26  56  1.26E-03  1.00E-25  1.76E-05
  26  57  2.96E-05  1.00E-25  1.03E-05
  26  58  4.00E-06  1.00E-25  1.64E-05
  27  59  4.01E-06  1.00E-25  1.08E-05
  28  60  2.20E-05  1.00E-25  2.71E-05
  28  61  9.72E-07  1.00E-25  2.54E-05
  28  62  3.15E-06  1.00E-25  5.87E-05
  28  64  8.27E-07  1.00E-25  2.15E-04
  29  63  6.72E-07  1.00E-25  5.88E-05
  29  65  3.09E-07  1.00E-25  9.93E-05
  30  66  6.60E-07  1.00E-25  1.86E-04
  30  67  9.85E-08  1.00E-25  7.29E-05
  30  68  4.57E-07  1.00E-25  3.65E-04
  30  70  1.56E-08  3.49E-02  1.19E-03
  31  69  4.36E-08  2.30E-02  1.63E-04
  31  71  2.98E-08  8.87E-03  4.39E-04
  32  70  5.24E-08  1.00E-25  1.22E-09
  32  72  7.03E-08  5.00E-03  1.63E-03
  32  73  1.99E-08  3.26E-02  6.66E-04
  32  74  9.37E-08  1.03E-01  4.13E-03
  32  76  2.00E-08  4.39E-02  5.54E-03
  33  75  1.34E-08  1.85E-02  1.79E-03
  34  76  1.37E-08  1.00E-25  3.85E-08
  34  77  1.13E-08  2.11E-02  3.04E-03
  34  78  3.57E-08  2.03E-02  3.40E-03
  34  80  7.63E-08  1.55E-01  5.77E-03
  34  82  1.38E-08  3.08E-02  6.22E-03
  35  79  1.33E-08  2.30E-02  3.85E-03
  35  81  1.32E-08  2.08E-02  3.45E-03
  36  82  1.54E-08  1.00E-25  2.48E-07
  36  83  1.55E-08  3.10E-02  3.85E-03
  36  84  7.71E-08  1.63E-01  3.40E-03
  36  86  2.39E-08  3.49E-04  5.73E-03
  37  85  1.18E-08  1.53E-02  2.48E-03
  37  87  4.96E-09  2.56E-03  1.55E-03
  38  86  5.84E-09  1.00E-25  1.51E-06
  38  87  4.13E-09  1.00E-25  6.77E-06
  38  88  5.00E-08  2.31E-02  6.85E-03
  39  89  1.20E-08  6.35E-03  2.51E-03
  40  90  1.53E-08  1.68E-02  2.45E-03
  40  91  3.38E-09  2.13E-03  1.35E-03
  40  92  5.23E-09  1.62E-03  3.53E-03
  40  94  5.41E-09  1.00E-25  5.88E-03
  40  96  8.90E-10  1.58E-03  5.71E-03
  41  93  2.05E-09  1.25E-03  3.39E-03
  42  95  1.15E-09  1.39E-03  2.47E-03
  42  96  1.22E-09  1.00E-25  3.01E-06
  42  97  7.06E-10  6.77E-04  3.05E-03
  42  98  1.80E-09  9.15E-04  4.28E-03
  42 100  7.34E-10  1.64E-03  7.05E-03
  44  99  7.01E-10  1.25E-03  4.66E-03
  44 100  6.99E-10  1.00E-25  6.31E-09
  44 101  9.57E-10  1.92E-03  3.28E-03
  44 102  1.79E-09  2.44E-03  6.88E-03
  44 104  1.08E-09  2.41E-03  4.47E-03
  45 103  1.12E-09  2.27E-03  4.28E-03
  45 104  1.00E-25  1.00E-25  2.03E-10
  46 105  9.82E-10  2.00E-03  4.29E-03
  46 106  1.22E-09  1.43E-03  6.87E-03
  46 108  1.20E-09  1.09E-03  8.98E-03
  46 110  5.40E-10  1.21E-03  7.59E-03
  47 107  7.97E-10  1.58E-03  2.49E-03
  47 109  7.54E-10  1.33E-03  3.22E-03
  47 110  1.00E-25  1.00E-25  9.73E-09
  48 111  6.59E-10  1.17E-03  5.38E-03
  48 112  1.25E-09  1.47E-03  1.16E-02
  48 113  6.41E-10  9.80E-04  3.60E-03
  48 114  1.52E-09  1.50E-03  5.21E-03
  48 116  4.04E-10  9.04E-04  1.03E-02
  49 115  5.82E-10  8.66E-04  4.15E-03
  49 116  1.00E-25  1.00E-25  7.48E-10
  50 117  9.81E-10  1.26E-03  5.13E-03
  50 118  3.12E-09  2.22E-03  1.14E-02
  50 119  1.12E-09  1.23E-03  1.26E-02
  50 120  4.27E-09  1.89E-03  4.28E-02
  50 122  6.16E-10  1.28E-03  4.75E-02
  50 124  7.84E-10  1.76E-03  1.13E-01
  51 121  6.66E-10  7.78E-04  2.65E-02
  51 123  5.07E-10  1.06E-03  4.22E-02
  52 122  4.47E-10  1.00E-25  4.75E-08
  52 124  8.41E-10  1.00E-25  5.24E-10
  52 125  1.26E-09  2.16E-03  5.15E-02
  52 126  3.36E-09  4.19E-03  1.18E-01
  52 128  5.71E-09  1.27E-02  1.09E-01
  52 130  6.19E-09  1.39E-02  5.14E-02
  53 127  3.70E-09  8.09E-03  7.59E-02
  54 128  4.49E-10  1.00E-25  1.49E-11
  54 129  5.58E-09  1.09E-02  5.21E-02
  54 130  8.97E-10  1.00E-25  1.57E-08
  54 131  4.50E-09  8.38E-03  1.34E-02
  54 132  5.49E-09  6.45E-03  6.02E-03
  54 134  2.04E-09  4.08E-03  2.54E-03
  54 136  1.69E-09  3.46E-03  1.77E-03
  55 133  1.43E-09  2.76E-03  2.59E-03
  56 135  1.13E-09  2.14E-03  1.07E-03
  56 136  1.36E-09  1.00E-25  1.79E-06
  56 137  1.96E-09  1.58E-03  9.02E-04
  56 138  1.26E-08  1.00E-25  7.05E-04
  57 138  1.62E-12  1.00E-25  4.45E-07
  57 139  1.79E-09  1.09E-03  4.49E-04
  58 139  1.00E-25  1.00E-25  6.68E-07
  58 140  4.23E-09  8.66E-04  6.73E-04
  58 142  5.39E-10  9.51E-04  5.08E-04
  59 141  7.16E-10  9.94E-04  4.85E-04
  60 143  4.21E-10  6.57E-04  2.74E-04
  60 144  8.38E-10  1.22E-03  3.20E-04
  60 145  2.94E-10  5.27E-04  2.47E-04
  60 146  6.12E-10  8.95E-04  2.91E-04
  60 148  2.08E-10  4.65E-04  2.50E-04
  60 150  2.06E-10  4.62E-04  2.60E-04
  62 147  1.69E-10  2.95E-04  1.60E-04
  62 148  1.24E-10  1.00E-25  2.81E-11
  62 149  1.53E-10  3.20E-04  1.92E-04
  62 150  8.25E-11  1.00E-25  2.06E-07
  62 152  3.02E-10  5.72E-04  1.98E-04
  62 154  2.60E-10  5.83E-04  2.51E-04
  63 151  2.01E-10  4.22E-04  1.67E-04
  63 153  2.22E-10  4.98E-04  2.43E-04
  63 154  1.00E-25  1.00E-25  5.33E-10
  64 155  2.23E-10  4.92E-04  1.85E-04
  64 156  3.10E-10  6.10E-04  2.27E-04
  64 157  2.39E-10  5.01E-04  1.73E-04
  64 158  3.81E-10  6.47E-04  1.67E-04
  64 160  3.40E-10  7.61E-04  1.01E-04
  65 159  2.75E-10  6.15E-04  1.22E-04
  66 160  4.23E-11  1.00E-25  1.77E-10
  66 161  3.44E-10  7.70E-04  8.26E-05
  66 162  4.67E-10  9.58E-04  7.60E-05
  66 163  4.59E-10  1.03E-03  7.85E-05
  66 164  5.22E-10  1.09E-03  7.34E-05
  67 165  4.34E-10  9.46E-04  3.51E-05
  68 166  4.17E-10  8.53E-04  2.69E-05
  68 167  2.86E-10  6.26E-04  1.79E-05
  68 168  3.36E-10  5.79E-04  1.67E-05
  68 170  1.90E-10  4.25E-04  1.43E-05
  69 169  1.83E-10  3.83E-04  1.61E-05
  70 170  3.75E-11  1.00E-25  2.69E-12
  70 171  1.77E-10  3.18E-04  1.28E-05
  70 172  2.73E-10  4.33E-04  8.16E-06
  70 173  2.03E-10  3.69E-04  4.90E-06
  70 174  4.02E-10  4.52E-04  4.39E-06
  70 176  1.63E-10  3.66E-04  2.41E-06
  71 175  1.78E-10  3.50E-04  2.85E-06
  72 177  1.64E-10  3.12E-04  1.78E-06
  72 178  2.41E-10  2.50E-04  1.39E-06
  72 179  1.21E-10  1.82E-04  6.15E-07
  72 180  3.14E-10  1.81E-04  5.48E-07
  73 181  1.11E-10  1.27E-04  5.92E-07
  74 182  1.80E-10  1.53E-04  9.00E-07
  74 183  9.78E-11  6.93E-05  1.00E-06
  74 184  2.10E-10  1.25E-04  1.25E-06
  74 186  1.97E-10  3.44E-04  1.73E-06
  75 185  1.06E-10  1.68E-04  1.52E-06
  75 187  1.94E-10  4.34E-04  1.91E-06
  76 188  4.92E-10  8.98E-04  1.70E-06
  76 189  6.03E-10  1.32E-03  2.19E-06
  76 190  9.86E-10  1.95E-03  1.76E-06
  76 192  1.55E-09  3.47E-03  1.49E-06
  77 191  1.34E-09  2.87E-03  1.75E-06
  77 193  2.28E-09  4.94E-03  8.70E-07
  78 194  2.54E-09  5.62E-03  8.32E-07
  78 195  2.62E-09  5.87E-03  3.63E-07
  78 196  1.96E-09  4.08E-03  1.75E-07
  78 198  5.63E-10  1.26E-03  1.17E-08
  79 197  1.13E-09  2.52E-03  5.81E-08
  80 199  4.06E-10  8.25E-04  2.28E-09
  80 200  5.57E-10  5.63E-04  2.37E-10
  80 201  3.20E-10  4.43E-04  1.28E-11
