 Nucleosynthesis in a clump of initial density rho[g/cm3]=  7.8504E+07  at r0[cm]=  1.8470E+07 with tesc= -1.0000E+00 obtained with logft0= -5.50 and force:21gk-dat  
 followed by r-process nucleosynthesis at initial density rho[g/cm3]=  7.8504E+07  Nn[cm-3]=  1.8200E+31
 at an initial radius r0[cm]= 1.847E+07
 with an initial Ye= 0.31957 ithermo= 2 and expansion timescale= 0.00000
 at an initial temperature T9=10.00000 with ieos= 2 iqngn= 0 (for t>2x 5.00E-04 s )
 Initial time for nucleosynthesis: t0[s]= 0.000E+00
 Nuclear data taken from Talys62              (idirect= 0; spectrof= 1.000) ifission=  1; ifragment= 10; ifisfrag=  0 ; iphotofis=  0 ; dAdrip(fis)= 20 Zmin(fis)= 90 Nbr of n ejected =  4.0 and Masses from network_hfb21gk           Betas from /u/ikullman/Nuc//Beta/beta_rqrpa_marketin.dat                                   
 Initial abundances taken from file=/u/ikullman//Eos/Merger/Rpro/../SFHO13651365av15e/Nse_T10_ye0_ec1_nu0/abinit_T10.0329877                                                                                                                
 Network calculation with Zmin=  1 Zmax= 70 (imax=2293); inet= 1 iband= 0 rtol(n)= 1.00E-03 atol(n)= 1.00E-15 rtol0= 1.00E-03 atol0= 1.00E-11 Twpa= 10.00 with rtol1= 1.00E-03 atol1= 1.00E-11
 Maximum temperature reached: T9=  10.0000
 iout:                             403
 T9  :                           0.001
 Nn  :                       4.677E-23
 Err :                      -1.248E-06
 Time:                       3.100E+07
 ncap:                          82.876
  Z   A   X(Solar) Xr(Solar) X(3.10E+07)
   1   1  7.11E-01  1.00E-25  1.19E-05
   1   2  2.76E-05  1.00E-25  2.51E-12
   2   3  3.41E-05  1.00E-25  1.32E-09
   2   4  2.74E-01  1.00E-25  2.86E-06
  20  42  5.00E-07  1.00E-25  1.35E-10
  20  43  1.07E-07  1.00E-25  3.02E-10
  20  44  1.69E-06  1.00E-25  3.29E-08
  21  45  4.50E-08  1.00E-25  7.25E-08
  22  47  2.47E-07  1.00E-25  4.10E-07
  22  50  1.84E-07  1.00E-25  2.47E-05
  23  51  4.29E-07  1.00E-25  9.34E-06
  24  52  1.64E-05  1.00E-25  3.75E-05
  24  53  1.89E-06  1.00E-25  7.29E-06
  24  54  4.80E-07  1.00E-25  6.68E-05
  25  55  1.47E-05  1.00E-25  2.48E-05
  26  56  1.26E-03  1.00E-25  3.64E-05
  26  57  2.96E-05  1.00E-25  7.24E-05
  26  58  4.00E-06  1.00E-25  3.16E-04
  27  59  4.01E-06  1.00E-25  7.23E-04
  28  60  2.20E-05  1.00E-25  4.34E-03
  28  61  9.72E-07  1.00E-25  4.54E-03
  28  62  3.15E-06  1.00E-25  9.39E-03
  28  64  8.27E-07  1.00E-25  2.30E-02
  29  63  6.72E-07  1.00E-25  9.12E-03
  29  65  3.09E-07  1.00E-25  1.22E-02
  30  66  6.60E-07  1.00E-25  1.75E-02
  30  67  9.85E-08  1.00E-25  5.81E-03
  30  68  4.57E-07  1.00E-25  1.45E-02
  30  70  1.56E-08  3.49E-02  1.85E-02
  31  69  4.36E-08  2.30E-02  4.44E-03
  31  71  2.98E-08  8.87E-03  6.96E-03
  32  70  5.24E-08  1.00E-25  3.03E-08
  32  72  7.03E-08  5.00E-03  1.04E-02
  32  73  1.99E-08  3.26E-02  3.50E-03
  32  74  9.37E-08  1.03E-01  9.98E-03
  32  76  2.00E-08  4.39E-02  7.71E-03
  33  75  1.34E-08  1.85E-02  3.38E-03
  34  76  1.37E-08  1.00E-25  6.87E-08
  34  77  1.13E-08  2.11E-02  4.13E-03
  34  78  3.57E-08  2.03E-02  5.51E-03
  34  80  7.63E-08  1.55E-01  2.52E-02
  34  82  1.38E-08  3.08E-02  5.20E-02
  35  79  1.33E-08  2.30E-02  8.84E-03
  35  81  1.32E-08  2.08E-02  2.33E-02
  36  82  1.54E-08  1.00E-25  2.16E-06
  36  83  1.55E-08  3.10E-02  3.00E-02
  36  84  7.71E-08  1.63E-01  2.64E-02
  36  86  2.39E-08  3.49E-04  5.62E-02
  37  85  1.18E-08  1.53E-02  1.79E-02
  37  87  4.96E-09  2.56E-03  1.66E-02
  38  86  5.84E-09  1.00E-25  1.63E-05
  38  87  4.13E-09  1.00E-25  7.93E-05
  38  88  5.00E-08  2.31E-02  8.03E-02
  39  89  1.20E-08  6.35E-03  3.34E-02
  40  90  1.53E-08  1.68E-02  2.76E-02
  40  91  3.38E-09  2.13E-03  1.73E-02
  40  92  5.23E-09  1.62E-03  3.64E-02
  40  94  5.41E-09  1.00E-25  3.90E-02
  40  96  8.90E-10  1.58E-03  2.64E-02
  41  93  2.05E-09  1.25E-03  2.92E-02
  42  95  1.15E-09  1.39E-03  2.00E-02
  42  96  1.22E-09  1.00E-25  2.17E-05
  42  97  7.06E-10  6.77E-04  2.20E-02
  42  98  1.80E-09  9.15E-04  1.65E-02
  42 100  7.34E-10  1.64E-03  2.50E-02
  44  99  7.01E-10  1.25E-03  2.45E-02
  44 100  6.99E-10  1.00E-25  4.66E-08
  44 101  9.57E-10  1.92E-03  1.67E-02
  44 102  1.79E-09  2.44E-03  1.96E-02
  44 104  1.08E-09  2.41E-03  1.82E-02
  45 103  1.12E-09  2.27E-03  1.52E-02
  45 104  1.00E-25  1.00E-25  6.05E-10
  46 105  9.82E-10  2.00E-03  1.12E-02
  46 106  1.22E-09  1.43E-03  1.59E-02
  46 108  1.20E-09  1.09E-03  1.39E-02
  46 110  5.40E-10  1.21E-03  5.60E-03
  47 107  7.97E-10  1.58E-03  6.88E-03
  47 109  7.54E-10  1.33E-03  4.53E-03
  47 110  1.00E-25  1.00E-25  1.21E-08
  48 111  6.59E-10  1.17E-03  4.29E-03
  48 112  1.25E-09  1.47E-03  8.05E-03
  48 113  6.41E-10  9.80E-04  3.72E-03
  48 114  1.52E-09  1.50E-03  3.64E-03
  48 116  4.04E-10  9.04E-04  3.71E-03
  49 115  5.82E-10  8.66E-04  2.39E-03
  49 116  1.00E-25  1.00E-25  2.80E-10
  50 117  9.81E-10  1.26E-03  2.27E-03
  50 118  3.12E-09  2.22E-03  1.89E-03
  50 119  1.12E-09  1.23E-03  1.32E-03
  50 120  4.27E-09  1.89E-03  2.48E-03
  50 122  6.16E-10  1.28E-03  1.95E-03
  50 124  7.84E-10  1.76E-03  1.37E-03
  51 121  6.66E-10  7.78E-04  1.46E-03
  51 123  5.07E-10  1.06E-03  8.54E-04
  52 122  4.47E-10  1.00E-25  3.12E-09
  52 124  8.41E-10  1.00E-25  1.68E-11
  52 125  1.26E-09  2.16E-03  5.99E-04
  52 126  3.36E-09  4.19E-03  1.16E-03
  52 128  5.71E-09  1.27E-02  3.18E-04
  52 130  6.19E-09  1.39E-02  3.23E-05
  53 127  3.70E-09  8.09E-03  4.56E-04
  54 129  5.58E-09  1.09E-02  9.67E-05
  54 130  8.97E-10  1.00E-25  1.51E-11
  54 131  4.50E-09  8.38E-03  1.99E-06
  54 132  5.49E-09  6.45E-03  6.61E-08
  54 134  2.04E-09  4.08E-03  1.77E-10
  54 136  1.69E-09  3.46E-03  2.75E-11
  55 133  1.43E-09  2.76E-03  6.13E-10
  56 135  1.13E-09  2.14E-03  2.78E-11
  56 137  1.96E-09  1.58E-03  5.50E-12
  56 138  1.26E-08  1.00E-25  3.03E-12
  57 139  1.79E-09  1.09E-03  1.17E-12
  58 140  4.23E-09  8.66E-04  1.08E-12
