 Nucleosynthesis in a clump of initial density rho[g/cm3]=  1.7413E+07  at r0[cm]=  3.8500E+07 with tesc= -1.0000E+00 obtained with logft0= -5.50 and force:21gk-dat  
 followed by r-process nucleosynthesis at initial density rho[g/cm3]=  1.7413E+07  Nn[cm-3]=  3.3370E+30
 at an initial radius r0[cm]= 3.850E+07
 with an initial Ye= 0.46209 ithermo= 2 and expansion timescale= 0.00000
 at an initial temperature T9=10.00000 with ieos= 2 iqngn= 0 (for t>2x 5.00E-04 s )
 Initial time for nucleosynthesis: t0[s]= 0.000E+00
 Nuclear data taken from Talys62              (idirect= 0; spectrof= 1.000) ifission=  1; ifragment= 10; ifisfrag=  0 ; iphotofis=  0 ; dAdrip(fis)= 20 Zmin(fis)= 90 Nbr of n ejected =  4.0 and Masses from network_hfb21gk           Betas from /u/ikullman/Nuc//Beta/beta_rqrpa_marketin.dat                                   
 Initial abundances taken from file=/u/ikullman//Eos/Merger/Rpro/../SFHO13651365av15e/Nse_T10_ye0_ec1_nu0/abinit_T10.0160620                                                                                                                
 Network calculation with Zmin=  1 Zmax= 50 (imax=1273); inet= 1 iband= 0 rtol(n)= 1.00E-03 atol(n)= 1.00E-15 rtol0= 1.00E-03 atol0= 1.00E-11 Twpa= 10.00 with rtol1= 1.00E-03 atol1= 1.00E-11
 Maximum temperature reached: T9=  10.0000
 iout:                             435
 T9  :                           0.001
 Nn  :                       0.000E+00
 Err :                       2.220E-16
 Time:                       3.111E+07
 ncap:                          27.670
  Z   A   X(Solar) Xr(Solar) X(3.11E+07)
   1   1  7.11E-01  1.00E-25  5.39E-10
   2   4  2.74E-01  1.00E-25  7.66E-02
   6  12  2.46E-03  1.00E-25  7.54E-06
   7  14  7.96E-04  1.00E-25  3.36E-08
   8  16  6.60E-03  1.00E-25  1.13E-08
  10  20  1.17E-03  1.00E-25  3.37E-08
  11  23  3.87E-05  1.00E-25  2.03E-12
  12  24  5.66E-04  1.00E-25  3.05E-08
  12  26  8.54E-05  1.00E-25  6.90E-11
  13  27  6.64E-05  1.00E-25  6.39E-09
  14  28  7.55E-04  1.00E-25  1.62E-07
  14  29  3.97E-05  1.00E-25  4.84E-09
  14  30  2.71E-05  1.00E-25  7.13E-08
  15  31  7.59E-06  1.00E-25  3.31E-08
  16  32  3.96E-04  1.00E-25  2.43E-07
  16  33  3.22E-06  1.00E-25  1.51E-08
  16  34  1.86E-05  1.00E-25  5.54E-07
  16  36  8.00E-08  1.00E-25  6.60E-11
  17  35  4.06E-06  1.00E-25  3.06E-07
  17  37  1.37E-06  1.00E-25  8.95E-09
  18  36  9.13E-05  1.00E-25  3.75E-07
  18  37  1.00E-25  1.00E-25  1.68E-08
  18  38  1.75E-05  1.00E-25  2.50E-06
  18  40  2.81E-08  1.00E-25  3.40E-09
  19  39  3.93E-06  1.00E-25  4.98E-07
  19  40  6.28E-09  1.00E-25  1.11E-08
  19  41  2.98E-07  1.00E-25  4.39E-08
  20  40  7.13E-05  1.00E-25  3.11E-06
  20  41  1.00E-25  1.00E-25  1.58E-06
  20  42  5.00E-07  1.00E-25  5.47E-06
  20  43  1.07E-07  1.00E-25  4.38E-08
  20  44  1.69E-06  1.00E-25  3.36E-08
  20  46  3.36E-09  1.00E-25  6.05E-10
  20  48  1.66E-07  1.00E-25  8.41E-10
  21  45  4.50E-08  1.00E-25  6.88E-06
  22  46  2.69E-07  1.00E-25  3.92E-05
  22  47  2.47E-07  1.00E-25  4.93E-07
  22  48  2.51E-06  1.00E-25  1.65E-06
  22  49  1.88E-07  1.00E-25  1.99E-08
  22  50  1.84E-07  1.00E-25  9.20E-10
  23  50  1.05E-09  1.00E-25  1.08E-07
  23  51  4.29E-07  1.00E-25  6.22E-07
  24  50  8.17E-07  1.00E-25  2.07E-05
  24  51  1.00E-25  1.00E-25  5.79E-06
  24  52  1.64E-05  1.00E-25  1.11E-06
  24  53  1.89E-06  1.00E-25  2.12E-08
  24  54  4.80E-07  1.00E-25  1.02E-08
  25  55  1.47E-05  1.00E-25  2.27E-07
  26  54  7.74E-05  1.00E-25  1.46E-05
  26  55  1.00E-25  1.00E-25  6.57E-06
  26  56  1.26E-03  1.00E-25  9.24E-04
  26  57  2.96E-05  1.00E-25  9.05E-06
  26  58  4.00E-06  1.00E-25  4.22E-05
  27  59  4.01E-06  1.00E-25  2.75E-04
  28  58  5.52E-05  1.00E-25  3.28E-04
  28  59  1.00E-25  1.00E-25  5.52E-04
  28  60  2.20E-05  1.00E-25  3.21E-01
  28  61  9.72E-07  1.00E-25  7.08E-03
  28  62  3.15E-06  1.00E-25  1.97E-01
  28  64  8.27E-07  1.00E-25  8.29E-05
  29  63  6.72E-07  1.00E-25  1.31E-02
  29  64  1.00E-25  1.00E-25  1.33E-04
  29  65  3.09E-07  1.00E-25  1.41E-03
  30  64  1.12E-06  1.00E-25  7.31E-02
  30  65  1.00E-25  1.00E-25  3.68E-03
  30  66  6.60E-07  1.00E-25  2.46E-01
  30  67  9.85E-08  1.00E-25  1.72E-04
  30  68  4.57E-07  1.00E-25  1.51E-03
  30  70  1.56E-08  3.49E-02  1.15E-08
  31  69  4.36E-08  2.30E-02  4.08E-04
  31  71  2.98E-08  8.87E-03  9.23E-07
  32  70  5.24E-08  1.00E-25  3.09E-02
  32  71  1.00E-25  1.00E-25  1.53E-04
  32  72  7.03E-08  5.00E-03  6.01E-03
  32  73  1.99E-08  3.26E-02  3.89E-06
  32  74  9.37E-08  1.03E-01  9.32E-06
  32  76  2.00E-08  4.39E-02  1.92E-10
  33  75  1.34E-08  1.85E-02  2.23E-05
  34  74  1.26E-09  1.00E-25  4.10E-04
  34  75  1.00E-25  1.00E-25  6.49E-05
  34  76  1.37E-08  1.00E-25  2.89E-03
  34  77  1.13E-08  2.11E-02  1.72E-05
  34  78  3.57E-08  2.03E-02  1.49E-04
  34  80  7.63E-08  1.55E-01  1.48E-07
  34  82  1.38E-08  3.08E-02  3.63E-12
  35  79  1.33E-08  2.30E-02  7.52E-05
  35  81  1.32E-08  2.08E-02  1.08E-05
  36  78  4.56E-10  1.00E-25  1.09E-05
  36  79  1.00E-25  1.00E-25  6.72E-06
  36  80  2.99E-09  1.00E-25  4.56E-04
  36  81  1.00E-25  1.00E-25  2.26E-05
  36  82  1.54E-08  1.00E-25  8.75E-04
  36  83  1.55E-08  3.10E-02  7.58E-06
  36  84  7.71E-08  1.63E-01  5.08E-05
  36  86  2.39E-08  3.49E-04  6.08E-08
  37  85  1.18E-08  1.53E-02  3.94E-05
  37  87  4.96E-09  2.56E-03  1.17E-05
  38  84  3.22E-10  1.00E-25  1.89E-06
  38  85  1.00E-25  1.00E-25  1.10E-06
  38  86  5.84E-09  1.00E-25  9.42E-05
  38  87  4.13E-09  1.00E-25  2.33E-05
  38  88  5.00E-08  2.31E-02  1.26E-03
  39  89  1.20E-08  6.35E-03  4.73E-04
  40  90  1.53E-08  1.68E-02  1.30E-02
  40  91  3.38E-09  2.13E-03  1.03E-05
  40  92  5.23E-09  1.62E-03  1.78E-07
  41  93  2.05E-09  1.25E-03  1.17E-07
  42  92  1.04E-09  1.00E-25  7.81E-06
  42  93  1.00E-25  1.00E-25  3.22E-07
  42  94  6.62E-10  1.00E-25  3.75E-07
  42  95  1.15E-09  1.39E-03  8.58E-10
  42  96  1.22E-09  1.00E-25  9.86E-11
  44  96  2.96E-10  1.00E-25  1.59E-10
  44  97  1.00E-25  1.00E-25  1.19E-11
  44  98  1.02E-10  1.00E-25  5.93E-11
