 Nucleosynthesis in a clump of initial density rho[g/cm3]=  9.4222E+07  at r0[cm]=  1.6350E+07 with tesc= -1.0000E+00 obtained with logft0= -5.50 and force:21gk-dat  
 followed by r-process nucleosynthesis at initial density rho[g/cm3]=  9.4222E+07  Nn[cm-3]=  2.4210E+31
 at an initial radius r0[cm]= 1.635E+07
 with an initial Ye= 0.29546 ithermo= 2 and expansion timescale= 0.00000
 at an initial temperature T9=10.00000 with ieos= 2 iqngn= 0 (for t>2x 5.00E-04 s )
 Initial time for nucleosynthesis: t0[s]= 0.000E+00
 Nuclear data taken from Talys62              (idirect= 0; spectrof= 1.000) ifission=  1; ifragment= 10; ifisfrag=  0 ; iphotofis=  0 ; dAdrip(fis)= 20 Zmin(fis)= 90 Nbr of n ejected =  4.0 and Masses from network_hfb21gk           Betas from /u/ikullman/Nuc//Beta/beta_rqrpa_marketin.dat                                   
 Initial abundances taken from file=/u/ikullman//Eos/Merger/Rpro/../SFHO13651365av15e/Nse_T10_ye0_ec1_nu0/abinit_T10.0161261                                                                                                                
 Network calculation with Zmin=  1 Zmax= 70 (imax=2293); inet= 1 iband= 0 rtol(n)= 1.00E-03 atol(n)= 1.00E-15 rtol0= 1.00E-03 atol0= 1.00E-11 Twpa= 10.00 with rtol1= 1.00E-03 atol1= 1.00E-11
 Maximum temperature reached: T9=  10.0000
 iout:                             410
 T9  :                           0.001
 Nn  :                       1.590E-18
 Err :                       5.274E-06
 Time:                       3.100E+07
 ncap:                          87.129
  Z   A   X(Solar) Xr(Solar) X(3.10E+07)
   1   1  7.11E-01  1.00E-25  7.26E-06
   1   2  2.76E-05  1.00E-25  1.05E-12
   2   3  3.41E-05  1.00E-25  2.19E-09
   2   4  2.74E-01  1.00E-25  4.92E-06
   5  10  1.00E-09  1.00E-25  1.07E-12
   7  14  7.96E-04  1.00E-25  8.69E-12
  10  20  1.17E-03  1.00E-25  4.88E-12
  10  21  2.94E-06  1.00E-25  9.46E-12
  10  22  9.45E-05  1.00E-25  2.81E-12
  11  23  3.87E-05  1.00E-25  6.07E-12
  12  24  5.66E-04  1.00E-25  1.12E-11
  12  25  7.46E-05  1.00E-25  2.91E-12
  20  42  5.00E-07  1.00E-25  1.49E-10
  20  43  1.07E-07  1.00E-25  3.34E-10
  20  44  1.69E-06  1.00E-25  3.63E-08
  21  45  4.50E-08  1.00E-25  8.01E-08
  22  47  2.47E-07  1.00E-25  4.52E-07
  22  50  1.84E-07  1.00E-25  1.98E-05
  23  51  4.29E-07  1.00E-25  7.38E-06
  24  52  1.64E-05  1.00E-25  2.86E-05
  24  53  1.89E-06  1.00E-25  5.55E-06
  24  54  4.80E-07  1.00E-25  6.04E-05
  25  55  1.47E-05  1.00E-25  2.10E-05
  26  56  1.26E-03  1.00E-25  3.75E-05
  26  57  2.96E-05  1.00E-25  4.16E-05
  26  58  4.00E-06  1.00E-25  1.39E-04
  27  59  4.01E-06  1.00E-25  2.91E-04
  28  60  2.20E-05  1.00E-25  1.81E-03
  28  61  9.72E-07  1.00E-25  1.83E-03
  28  62  3.15E-06  1.00E-25  4.96E-03
  28  64  8.27E-07  1.00E-25  1.49E-02
  29  63  6.72E-07  1.00E-25  4.97E-03
  29  65  3.09E-07  1.00E-25  7.44E-03
  30  66  6.60E-07  1.00E-25  1.13E-02
  30  67  9.85E-08  1.00E-25  4.15E-03
  30  68  4.57E-07  1.00E-25  1.75E-02
  30  70  1.56E-08  3.49E-02  3.14E-02
  31  69  4.36E-08  2.30E-02  6.12E-03
  31  71  2.98E-08  8.87E-03  1.11E-02
  32  70  5.24E-08  1.00E-25  3.84E-08
  32  72  7.03E-08  5.00E-03  2.39E-02
  32  73  1.99E-08  3.26E-02  8.21E-03
  32  74  9.37E-08  1.03E-01  2.79E-02
  32  76  2.00E-08  4.39E-02  1.62E-02
  33  75  1.34E-08  1.85E-02  8.15E-03
  34  76  1.37E-08  1.00E-25  1.49E-07
  34  77  1.13E-08  2.11E-02  7.02E-03
  34  78  3.57E-08  2.03E-02  6.21E-03
  34  80  7.63E-08  1.55E-01  1.01E-02
  34  82  1.38E-08  3.08E-02  2.41E-02
  35  79  1.33E-08  2.30E-02  6.25E-03
  35  81  1.32E-08  2.08E-02  7.83E-03
  36  82  1.54E-08  1.00E-25  5.56E-07
  36  83  1.55E-08  3.10E-02  1.89E-02
  36  84  7.71E-08  1.63E-01  1.98E-02
  36  86  2.39E-08  3.49E-04  3.17E-02
  37  85  1.18E-08  1.53E-02  1.39E-02
  37  87  4.96E-09  2.56E-03  8.35E-03
  38  86  5.84E-09  1.00E-25  8.17E-06
  38  87  4.13E-09  1.00E-25  3.68E-05
  38  88  5.00E-08  2.31E-02  3.73E-02
  39  89  1.20E-08  6.35E-03  1.57E-02
  40  90  1.53E-08  1.68E-02  1.54E-02
  40  91  3.38E-09  2.13E-03  9.33E-03
  40  92  5.23E-09  1.62E-03  2.31E-02
  40  94  5.41E-09  1.00E-25  3.37E-02
  40  96  8.90E-10  1.58E-03  2.60E-02
  41  93  2.05E-09  1.25E-03  2.14E-02
  42  95  1.15E-09  1.39E-03  1.53E-02
  42  96  1.22E-09  1.00E-25  1.80E-05
  42  97  7.06E-10  6.77E-04  1.82E-02
  42  98  1.80E-09  9.15E-04  1.69E-02
  42 100  7.34E-10  1.64E-03  2.75E-02
  44  99  7.01E-10  1.25E-03  2.34E-02
  44 100  6.99E-10  1.00E-25  3.30E-08
  44 101  9.57E-10  1.92E-03  1.57E-02
  44 102  1.79E-09  2.44E-03  2.30E-02
  44 104  1.08E-09  2.41E-03  1.91E-02
  45 103  1.12E-09  2.27E-03  1.80E-02
  45 104  1.00E-25  1.00E-25  6.88E-10
  46 105  9.82E-10  2.00E-03  1.49E-02
  46 106  1.22E-09  1.43E-03  2.37E-02
  46 108  1.20E-09  1.09E-03  2.60E-02
  46 110  5.40E-10  1.21E-03  1.51E-02
  47 107  7.97E-10  1.58E-03  9.65E-03
  47 109  7.54E-10  1.33E-03  8.58E-03
  47 110  1.00E-25  1.00E-25  2.13E-08
  48 111  6.59E-10  1.17E-03  1.12E-02
  48 112  1.25E-09  1.47E-03  2.24E-02
  48 113  6.41E-10  9.80E-04  8.74E-03
  48 114  1.52E-09  1.50E-03  9.24E-03
  48 116  4.04E-10  9.04E-04  1.41E-02
  49 115  5.82E-10  8.66E-04  7.05E-03
  49 116  1.00E-25  1.00E-25  9.11E-10
  50 117  9.81E-10  1.26E-03  7.37E-03
  50 118  3.12E-09  2.22E-03  9.09E-03
  50 119  1.12E-09  1.23E-03  8.23E-03
  50 120  4.27E-09  1.89E-03  1.78E-02
  50 122  6.16E-10  1.28E-03  1.37E-02
  50 124  7.84E-10  1.76E-03  1.36E-02
  51 121  6.66E-10  7.78E-04  1.10E-02
  51 123  5.07E-10  1.06E-03  8.47E-03
  52 122  4.47E-10  1.00E-25  1.86E-08
  52 124  8.41E-10  1.00E-25  1.19E-10
  52 125  1.26E-09  2.16E-03  5.44E-03
  52 126  3.36E-09  4.19E-03  1.01E-02
  52 128  5.71E-09  1.27E-02  3.79E-03
  52 130  6.19E-09  1.39E-02  4.53E-04
  53 127  3.70E-09  8.09E-03  3.74E-03
  54 129  5.58E-09  1.09E-02  1.03E-03
  54 130  8.97E-10  1.00E-25  2.02E-10
  54 131  4.50E-09  8.38E-03  2.74E-05
  54 132  5.49E-09  6.45E-03  1.58E-06
  54 134  2.04E-09  4.08E-03  1.95E-07
  54 136  1.69E-09  3.46E-03  6.95E-08
  55 133  1.43E-09  2.76E-03  2.75E-07
  56 135  1.13E-09  2.14E-03  5.22E-08
  56 136  1.36E-09  1.00E-25  4.90E-11
  56 137  1.96E-09  1.58E-03  2.47E-08
  56 138  1.26E-08  1.00E-25  1.70E-08
  57 138  1.62E-12  1.00E-25  8.76E-12
  57 139  1.79E-09  1.09E-03  8.83E-09
  58 139  1.00E-25  1.00E-25  1.04E-11
  58 140  4.23E-09  8.66E-04  1.05E-08
  58 142  5.39E-10  9.51E-04  5.96E-09
  59 141  7.16E-10  9.94E-04  6.89E-09
  60 143  4.21E-10  6.57E-04  3.07E-09
  60 144  8.38E-10  1.22E-03  2.95E-09
  60 145  2.94E-10  5.27E-04  1.95E-09
  60 146  6.12E-10  8.95E-04  1.36E-09
  60 148  2.08E-10  4.65E-04  1.02E-09
  60 150  2.06E-10  4.62E-04  8.10E-10
  62 147  1.69E-10  2.95E-04  9.22E-10
  62 149  1.53E-10  3.20E-04  7.92E-10
  62 152  3.02E-10  5.72E-04  2.71E-10
  62 154  2.60E-10  5.83E-04  6.04E-11
  63 151  2.01E-10  4.22E-04  4.71E-10
  63 153  2.22E-10  4.98E-04  1.65E-10
  64 155  2.23E-10  4.92E-04  1.66E-11
  64 156  3.10E-10  6.10E-04  3.92E-12
