 Nucleosynthesis in a clump of initial density rho[g/cm3]=  8.0625E+07  at r0[cm]=  2.5770E+07 with tesc= -1.0000E+00 obtained with logft0= -5.50 and force:21gk-dat  
 followed by r-process nucleosynthesis at initial density rho[g/cm3]=  8.0625E+07  Nn[cm-3]=  2.4960E+31
 at an initial radius r0[cm]= 2.577E+07
 with an initial Ye= 0.25145 ithermo= 2 and expansion timescale= 0.00000
 at an initial temperature T9=10.00000 with ieos= 2 iqngn= 0 (for t>2x 5.00E-04 s )
 Initial time for nucleosynthesis: t0[s]= 0.000E+00
 Nuclear data taken from Talys62              (idirect= 0; spectrof= 1.000) ifission=  1; ifragment= 10; ifisfrag=  0 ; iphotofis=  0 ; dAdrip(fis)= 20 Zmin(fis)= 90 Nbr of n ejected =  4.0 and Masses from network_hfb21gk           Betas from /u/ikullman/Nuc//Beta/beta_rqrpa_marketin.dat                                   
 Initial abundances taken from file=/u/ikullman//Eos/Merger/Rpro/../SFHO13651365av15e/Nse_T10_ye0_ec1_nu0/abinit_T10.0316095                                                                                                                
 Network calculation with Zmin=  1 Zmax= 90 (imax=3480); inet= 1 iband= 0 rtol(n)= 1.00E-03 atol(n)= 1.00E-15 rtol0= 1.00E-03 atol0= 1.00E-11 Twpa= 10.00 with rtol1= 1.00E-03 atol1= 1.00E-11
 Maximum temperature reached: T9=  10.0000
 iout:                             404
 T9  :                           0.001
 Nn  :                       9.529E-14
 Err :                      -2.747E-13
 Time:                       3.100E+07
 ncap:                         105.198
  Z   A   X(Solar) Xr(Solar) X(3.10E+07)
   1   1  7.11E-01  1.00E-25  4.10E-06
   2   3  3.41E-05  1.00E-25  5.71E-09
   2   4  2.74E-01  1.00E-25  2.34E-05
   5  10  1.00E-09  1.00E-25  1.20E-11
  10  21  2.94E-06  1.00E-25  4.57E-10
  10  22  9.45E-05  1.00E-25  2.04E-11
  11  23  3.87E-05  1.00E-25  1.04E-10
  12  24  5.66E-04  1.00E-25  3.16E-10
  12  25  7.46E-05  1.00E-25  1.33E-10
  12  26  8.54E-05  1.00E-25  1.88E-11
  13  27  6.64E-05  1.00E-25  2.43E-12
  14  28  7.55E-04  1.00E-25  5.10E-12
  14  29  3.97E-05  1.00E-25  2.76E-12
  14  30  2.71E-05  1.00E-25  1.84E-12
  15  31  7.59E-06  1.00E-25  2.12E-12
  16  32  3.96E-04  1.00E-25  1.18E-11
  16  33  3.22E-06  1.00E-25  1.99E-12
  20  44  1.69E-06  1.00E-25  1.47E-12
  20  46  3.36E-09  1.00E-25  1.49E-09
  20  48  1.66E-07  1.00E-25  9.23E-09
  21  45  4.50E-08  1.00E-25  2.04E-12
  22  48  2.51E-06  1.00E-25  3.96E-11
  22  49  1.88E-07  1.00E-25  5.19E-08
  22  50  1.84E-07  1.00E-25  3.49E-06
  23  51  4.29E-07  1.00E-25  1.29E-06
  24  52  1.64E-05  1.00E-25  4.95E-06
  24  53  1.89E-06  1.00E-25  9.34E-07
  24  54  4.80E-07  1.00E-25  9.93E-06
  25  55  1.47E-05  1.00E-25  3.51E-06
  26  56  1.26E-03  1.00E-25  6.15E-06
  26  57  2.96E-05  1.00E-25  3.98E-06
  26  58  4.00E-06  1.00E-25  8.19E-06
  27  59  4.01E-06  1.00E-25  9.15E-06
  28  60  2.20E-05  1.00E-25  4.44E-05
  28  61  9.72E-07  1.00E-25  4.60E-05
  28  62  3.15E-06  1.00E-25  1.43E-04
  28  64  8.27E-07  1.00E-25  6.32E-04
  29  63  6.72E-07  1.00E-25  1.53E-04
  29  65  3.09E-07  1.00E-25  3.18E-04
  30  66  6.60E-07  1.00E-25  6.28E-04
  30  67  9.85E-08  1.00E-25  2.56E-04
  30  68  4.57E-07  1.00E-25  1.38E-03
  30  70  1.56E-08  3.49E-02  4.36E-03
  31  69  4.36E-08  2.30E-02  6.30E-04
  31  71  2.98E-08  8.87E-03  1.62E-03
  32  70  5.24E-08  1.00E-25  3.22E-09
  32  72  7.03E-08  5.00E-03  5.50E-03
  32  73  1.99E-08  3.26E-02  2.31E-03
  32  74  9.37E-08  1.03E-01  1.46E-02
  32  76  2.00E-08  4.39E-02  2.01E-02
  33  75  1.34E-08  1.85E-02  6.54E-03
  34  76  1.37E-08  1.00E-25  9.72E-08
  34  77  1.13E-08  2.11E-02  1.02E-02
  34  78  3.57E-08  2.03E-02  1.06E-02
  34  80  7.63E-08  1.55E-01  1.68E-02
  34  82  1.38E-08  3.08E-02  1.62E-02
  35  79  1.33E-08  2.30E-02  1.14E-02
  35  81  1.32E-08  2.08E-02  1.01E-02
  36  82  1.54E-08  1.00E-25  5.59E-07
  36  83  1.55E-08  3.10E-02  9.46E-03
  36  84  7.71E-08  1.63E-01  8.19E-03
  36  86  2.39E-08  3.49E-04  1.16E-02
  37  85  1.18E-08  1.53E-02  5.50E-03
  37  87  4.96E-09  2.56E-03  2.96E-03
  38  86  5.84E-09  1.00E-25  2.90E-06
  38  87  4.13E-09  1.00E-25  1.14E-05
  38  88  5.00E-08  2.31E-02  1.16E-02
  39  89  1.20E-08  6.35E-03  4.41E-03
  40  90  1.53E-08  1.68E-02  4.41E-03
  40  91  3.38E-09  2.13E-03  2.50E-03
  40  92  5.23E-09  1.62E-03  5.96E-03
  40  94  5.41E-09  1.00E-25  8.90E-03
  40  96  8.90E-10  1.58E-03  7.62E-03
  41  93  2.05E-09  1.25E-03  5.35E-03
  42  95  1.15E-09  1.39E-03  3.75E-03
  42  96  1.22E-09  1.00E-25  4.34E-06
  42  97  7.06E-10  6.77E-04  4.39E-03
  42  98  1.80E-09  9.15E-04  5.47E-03
  42 100  7.34E-10  1.64E-03  9.35E-03
  44  99  7.01E-10  1.25E-03  6.50E-03
  44 100  6.99E-10  1.00E-25  7.00E-09
  44 101  9.57E-10  1.92E-03  4.57E-03
  44 102  1.79E-09  2.44E-03  8.23E-03
  44 104  1.08E-09  2.41E-03  6.01E-03
  45 103  1.12E-09  2.27E-03  5.65E-03
  45 104  1.00E-25  1.00E-25  1.78E-10
  46 105  9.82E-10  2.00E-03  5.52E-03
  46 106  1.22E-09  1.43E-03  9.23E-03
  46 108  1.20E-09  1.09E-03  1.20E-02
  46 110  5.40E-10  1.21E-03  9.57E-03
  47 107  7.97E-10  1.58E-03  3.48E-03
  47 109  7.54E-10  1.33E-03  4.27E-03
  47 110  1.00E-25  1.00E-25  8.68E-09
  48 111  6.59E-10  1.17E-03  7.21E-03
  48 112  1.25E-09  1.47E-03  1.64E-02
  48 113  6.41E-10  9.80E-04  5.50E-03
  48 114  1.52E-09  1.50E-03  7.47E-03
  48 116  4.04E-10  9.04E-04  1.45E-02
  49 115  5.82E-10  8.66E-04  5.89E-03
  49 116  1.00E-25  1.00E-25  6.41E-10
  50 117  9.81E-10  1.26E-03  7.07E-03
  50 118  3.12E-09  2.22E-03  1.36E-02
  50 119  1.12E-09  1.23E-03  1.35E-02
  50 120  4.27E-09  1.89E-03  4.18E-02
  50 122  6.16E-10  1.28E-03  4.27E-02
  50 124  7.84E-10  1.76E-03  9.49E-02
  51 121  6.66E-10  7.78E-04  2.62E-02
  51 123  5.07E-10  1.06E-03  3.53E-02
  52 122  4.47E-10  1.00E-25  3.51E-08
  52 124  8.41E-10  1.00E-25  3.69E-10
  52 125  1.26E-09  2.16E-03  4.26E-02
  52 126  3.36E-09  4.19E-03  9.82E-02
  52 128  5.71E-09  1.27E-02  7.51E-02
  52 130  6.19E-09  1.39E-02  2.91E-02
  53 127  3.70E-09  8.09E-03  5.61E-02
  54 128  4.49E-10  1.00E-25  6.04E-12
  54 129  5.58E-09  1.09E-02  3.25E-02
  54 130  8.97E-10  1.00E-25  5.52E-09
  54 131  4.50E-09  8.38E-03  5.87E-03
  54 132  5.49E-09  6.45E-03  2.29E-03
  54 134  2.04E-09  4.08E-03  8.61E-04
  54 136  1.69E-09  3.46E-03  5.85E-04
  55 133  1.43E-09  2.76E-03  9.36E-04
  56 135  1.13E-09  2.14E-03  3.39E-04
  56 136  1.36E-09  1.00E-25  6.31E-07
  56 137  1.96E-09  1.58E-03  3.19E-04
  56 138  1.26E-08  1.00E-25  2.56E-04
  57 138  1.62E-12  1.00E-25  1.53E-07
  57 139  1.79E-09  1.09E-03  1.54E-04
  58 139  1.00E-25  1.00E-25  2.22E-07
  58 140  4.23E-09  8.66E-04  2.23E-04
  58 142  5.39E-10  9.51E-04  1.62E-04
  59 141  7.16E-10  9.94E-04  1.58E-04
  60 143  4.21E-10  6.57E-04  9.00E-05
  60 144  8.38E-10  1.22E-03  1.02E-04
  60 145  2.94E-10  5.27E-04  7.93E-05
  60 146  6.12E-10  8.95E-04  9.30E-05
  60 148  2.08E-10  4.65E-04  8.16E-05
  60 150  2.06E-10  4.62E-04  7.82E-05
  62 147  1.69E-10  2.95E-04  5.74E-05
  62 148  1.24E-10  1.00E-25  5.92E-12
  62 149  1.53E-10  3.20E-04  6.12E-05
  62 150  8.25E-11  1.00E-25  5.89E-08
  62 152  3.02E-10  5.72E-04  5.35E-05
  62 154  2.60E-10  5.83E-04  6.91E-05
  63 151  2.01E-10  4.22E-04  5.03E-05
  63 153  2.22E-10  4.98E-04  6.39E-05
  63 154  1.00E-25  1.00E-25  8.74E-11
  64 155  2.23E-10  4.92E-04  5.39E-05
  64 156  3.10E-10  6.10E-04  6.23E-05
  64 157  2.39E-10  5.01E-04  4.82E-05
  64 158  3.81E-10  6.47E-04  4.47E-05
  64 160  3.40E-10  7.61E-04  2.64E-05
  65 159  2.75E-10  6.15E-04  3.18E-05
  66 160  4.23E-11  1.00E-25  2.85E-11
  66 161  3.44E-10  7.70E-04  2.20E-05
  66 162  4.67E-10  9.58E-04  1.76E-05
  66 163  4.59E-10  1.03E-03  1.83E-05
  66 164  5.22E-10  1.09E-03  1.53E-05
  67 165  4.34E-10  9.46E-04  8.66E-06
  68 166  4.17E-10  8.53E-04  6.24E-06
  68 167  2.86E-10  6.26E-04  4.64E-06
  68 168  3.36E-10  5.79E-04  3.32E-06
  68 170  1.90E-10  4.25E-04  2.56E-06
  69 169  1.83E-10  3.83E-04  2.81E-06
  70 171  1.77E-10  3.18E-04  2.42E-06
  70 172  2.73E-10  4.33E-04  1.54E-06
  70 173  2.03E-10  3.69E-04  1.04E-06
  70 174  4.02E-10  4.52E-04  7.22E-07
  70 176  1.63E-10  3.66E-04  3.70E-07
  71 175  1.78E-10  3.50E-04  4.91E-07
  72 177  1.64E-10  3.12E-04  2.96E-07
  72 178  2.41E-10  2.50E-04  2.28E-07
  72 179  1.21E-10  1.82E-04  1.19E-07
  72 180  3.14E-10  1.81E-04  7.68E-08
  73 181  1.11E-10  1.27E-04  6.99E-08
  74 182  1.80E-10  1.53E-04  8.86E-08
  74 183  9.78E-11  6.93E-05  9.29E-08
  74 184  2.10E-10  1.25E-04  1.01E-07
  74 186  1.97E-10  3.44E-04  1.42E-07
  75 185  1.06E-10  1.68E-04  1.36E-07
  75 187  1.94E-10  4.34E-04  1.54E-07
  76 188  4.92E-10  8.98E-04  1.35E-07
  76 189  6.03E-10  1.32E-03  1.45E-07
  76 190  9.86E-10  1.95E-03  1.39E-07
  76 192  1.55E-09  3.47E-03  1.24E-07
  77 191  1.34E-09  2.87E-03  1.08E-07
  77 193  2.28E-09  4.94E-03  5.61E-08
  78 194  2.54E-09  5.62E-03  8.53E-08
  78 195  2.62E-09  5.87E-03  3.24E-08
  78 196  1.96E-09  4.08E-03  1.30E-08
  78 198  5.63E-10  1.26E-03  1.33E-12
  79 197  1.13E-09  2.52E-03  2.84E-11
