 Nucleosynthesis in a clump of initial density rho[g/cm3]=  1.6875E+07  at r0[cm]=  4.4800E+07 with tesc= -1.0000E+00 obtained with logft0= -5.50 and force:21gk-dat  
 followed by r-process nucleosynthesis at initial density rho[g/cm3]=  1.6875E+07  Nn[cm-3]=  4.4980E+30
 at an initial radius r0[cm]= 4.480E+07
 with an initial Ye= 0.36955 ithermo= 2 and expansion timescale= 0.00000
 at an initial temperature T9=10.00000 with ieos= 2 iqngn= 0 (for t>2x 5.00E-04 s )
 Initial time for nucleosynthesis: t0[s]= 0.000E+00
 Nuclear data taken from Talys62              (idirect= 0; spectrof= 1.000) ifission=  1; ifragment= 10; ifisfrag=  0 ; iphotofis=  0 ; dAdrip(fis)= 20 Zmin(fis)= 90 Nbr of n ejected =  4.0 and Masses from network_hfb21gk           Betas from /u/ikullman/Nuc//Beta/beta_rqrpa_marketin.dat                                   
 Initial abundances taken from file=/u/ikullman//Eos/Merger/Rpro/../SFHO13651365av15e/Nse_T10_ye0_ec1_nu0/abinit_T10.0158804                                                                                                                
 Network calculation with Zmin=  1 Zmax= 70 (imax=2293); inet= 1 iband= 0 rtol(n)= 1.00E-03 atol(n)= 1.00E-15 rtol0= 1.00E-03 atol0= 1.00E-11 Twpa= 10.00 with rtol1= 1.00E-03 atol1= 1.00E-11
 Maximum temperature reached: T9=  10.0000
 iout:                             385
 T9  :                           0.001
 Nn  :                       0.000E+00
 Err :                      -7.535E-05
 Time:                       3.100E+07
 ncap:                          47.894
  Z   A   X(Solar) Xr(Solar) X(3.10E+07)
   1   1  7.11E-01  1.00E-25  1.19E-05
   2   3  3.41E-05  1.00E-25  1.14E-10
   2   4  2.74E-01  1.00E-25  3.91E-02
   6  12  2.46E-03  1.00E-25  1.03E-08
   6  13  2.98E-05  1.00E-25  7.38E-12
   7  14  7.96E-04  1.00E-25  5.01E-08
   8  16  6.60E-03  1.00E-25  1.80E-09
   8  17  2.61E-06  1.00E-25  3.14E-12
   8  18  1.49E-05  1.00E-25  1.01E-11
  10  20  1.17E-03  1.00E-25  3.27E-10
  10  21  2.94E-06  1.00E-25  1.06E-10
  10  22  9.45E-05  1.00E-25  9.87E-11
  11  23  3.87E-05  1.00E-25  3.65E-12
  12  24  5.66E-04  1.00E-25  1.58E-11
  12  25  7.46E-05  1.00E-25  2.43E-11
  12  26  8.54E-05  1.00E-25  5.56E-10
  13  27  6.64E-05  1.00E-25  1.68E-10
  14  28  7.55E-04  1.00E-25  1.65E-09
  14  29  3.97E-05  1.00E-25  5.70E-10
  14  30  2.71E-05  1.00E-25  2.56E-08
  15  31  7.59E-06  1.00E-25  5.24E-09
  16  32  3.96E-04  1.00E-25  3.53E-07
  16  33  3.22E-06  1.00E-25  7.29E-08
  16  34  1.86E-05  1.00E-25  1.42E-07
  16  36  8.00E-08  1.00E-25  5.97E-07
  17  35  4.06E-06  1.00E-25  1.29E-08
  17  37  1.37E-06  1.00E-25  3.81E-06
  18  38  1.75E-05  1.00E-25  3.25E-06
  18  40  2.81E-08  1.00E-25  2.15E-06
  19  39  3.93E-06  1.00E-25  9.55E-07
  19  41  2.98E-07  1.00E-25  1.79E-06
  20  42  5.00E-07  1.00E-25  1.68E-06
  20  43  1.07E-07  1.00E-25  1.26E-05
  20  44  1.69E-06  1.00E-25  1.67E-05
  20  46  3.36E-09  1.00E-25  7.17E-06
  20  48  1.66E-07  1.00E-25  3.94E-05
  21  45  4.50E-08  1.00E-25  1.27E-05
  22  47  2.47E-07  1.00E-25  4.12E-05
  22  50  1.84E-07  1.00E-25  1.39E-04
  23  51  4.29E-07  1.00E-25  1.51E-05
  24  52  1.64E-05  1.00E-25  2.60E-05
  24  53  1.89E-06  1.00E-25  7.12E-06
  24  54  4.80E-07  1.00E-25  1.87E-05
  25  55  1.47E-05  1.00E-25  3.45E-06
  26  56  1.26E-03  1.00E-25  2.70E-06
  26  57  2.96E-05  1.00E-25  1.79E-06
  26  58  4.00E-06  1.00E-25  5.10E-06
  27  59  4.01E-06  1.00E-25  5.67E-06
  28  60  2.20E-05  1.00E-25  4.71E-05
  28  61  9.72E-07  1.00E-25  4.30E-05
  28  62  3.15E-06  1.00E-25  2.70E-05
  28  64  8.27E-07  1.00E-25  6.33E-05
  29  63  6.72E-07  1.00E-25  4.69E-05
  29  65  3.09E-07  1.00E-25  3.35E-05
  30  66  6.60E-07  1.00E-25  3.09E-04
  30  67  9.85E-08  1.00E-25  1.06E-04
  30  68  4.57E-07  1.00E-25  1.66E-04
  30  70  1.56E-08  3.49E-02  1.72E-04
  31  69  4.36E-08  2.30E-02  3.52E-05
  31  71  2.98E-08  8.87E-03  4.60E-05
  32  70  5.24E-08  1.00E-25  2.33E-09
  32  72  7.03E-08  5.00E-03  1.45E-04
  32  73  1.99E-08  3.26E-02  9.34E-05
  32  74  9.37E-08  1.03E-01  6.19E-04
  32  76  2.00E-08  4.39E-02  9.66E-04
  33  75  1.34E-08  1.85E-02  2.17E-04
  34  76  1.37E-08  1.00E-25  4.06E-08
  34  77  1.13E-08  2.11E-02  8.22E-04
  34  78  3.57E-08  2.03E-02  6.91E-04
  34  80  7.63E-08  1.55E-01  7.55E-04
  34  82  1.38E-08  3.08E-02  4.58E-04
  35  79  1.33E-08  2.30E-02  5.34E-04
  35  81  1.32E-08  2.08E-02  1.52E-04
  36  82  1.54E-08  1.00E-25  7.98E-08
  36  83  1.55E-08  3.10E-02  3.43E-04
  36  84  7.71E-08  1.63E-01  2.47E-04
  36  86  2.39E-08  3.49E-04  7.44E-03
  37  85  1.18E-08  1.53E-02  2.99E-04
  37  87  4.96E-09  2.56E-03  1.60E-03
  38  86  5.84E-09  1.00E-25  1.55E-06
  38  87  4.13E-09  1.00E-25  1.06E-05
  38  88  5.00E-08  2.31E-02  1.09E-02
  39  89  1.20E-08  6.35E-03  8.09E-03
  40  90  1.53E-08  1.68E-02  1.19E-01
  40  91  3.38E-09  2.13E-03  5.65E-02
  40  92  5.23E-09  1.62E-03  3.41E-01
  40  94  5.41E-09  1.00E-25  7.65E-02
  40  96  8.90E-10  1.58E-03  4.08E-02
  41  93  2.05E-09  1.25E-03  5.73E-02
  42  95  1.15E-09  1.39E-03  4.28E-02
  42  96  1.22E-09  1.00E-25  8.17E-06
  42  97  7.06E-10  6.77E-04  8.29E-03
  42  98  1.80E-09  9.15E-04  1.41E-02
  42 100  7.34E-10  1.64E-03  2.70E-02
  44  99  7.01E-10  1.25E-03  1.81E-02
  44 100  6.99E-10  1.00E-25  1.83E-07
  44 101  9.57E-10  1.92E-03  1.58E-02
  44 102  1.79E-09  2.44E-03  3.04E-02
  44 104  1.08E-09  2.41E-03  2.19E-02
  45 103  1.12E-09  2.27E-03  1.44E-02
  45 104  1.00E-25  1.00E-25  6.31E-09
  46 105  9.82E-10  2.00E-03  1.38E-02
  46 106  1.22E-09  1.43E-03  1.14E-02
  46 108  1.20E-09  1.09E-03  4.77E-03
  46 110  5.40E-10  1.21E-03  1.53E-03
  47 107  7.97E-10  1.58E-03  3.14E-03
  47 109  7.54E-10  1.33E-03  8.04E-04
  47 110  1.00E-25  1.00E-25  2.18E-08
  48 111  6.59E-10  1.17E-03  1.01E-03
  48 112  1.25E-09  1.47E-03  2.14E-03
  48 113  6.41E-10  9.80E-04  6.62E-04
  48 114  1.52E-09  1.50E-03  5.51E-04
  48 116  4.04E-10  9.04E-04  4.00E-04
  49 115  5.82E-10  8.66E-04  2.74E-04
  49 116  1.00E-25  1.00E-25  5.88E-10
  50 117  9.81E-10  1.26E-03  1.49E-04
  50 118  3.12E-09  2.22E-03  9.42E-05
  50 119  1.12E-09  1.23E-03  5.50E-05
  50 120  4.27E-09  1.89E-03  1.55E-04
  50 122  6.16E-10  1.28E-03  8.51E-05
  50 124  7.84E-10  1.76E-03  7.42E-05
  51 121  6.66E-10  7.78E-04  7.42E-05
  51 123  5.07E-10  1.06E-03  3.74E-05
  52 122  4.47E-10  1.00E-25  1.05E-09
  52 124  8.41E-10  1.00E-25  3.31E-12
  52 125  1.26E-09  2.16E-03  3.34E-05
  52 126  3.36E-09  4.19E-03  7.51E-05
  52 128  5.71E-09  1.27E-02  2.20E-05
  52 130  6.19E-09  1.39E-02  2.09E-06
  53 127  3.70E-09  8.09E-03  2.13E-05
  54 129  5.58E-09  1.09E-02  6.39E-06
  54 130  8.97E-10  1.00E-25  2.83E-11
  54 131  4.50E-09  8.38E-03  1.03E-07
  54 132  5.49E-09  6.45E-03  4.18E-09
  55 133  1.43E-09  2.76E-03  2.20E-11
